724 31
724 32
724 32
724 32
724 35
724 40
724 45
724 50
724 55
724 62
724 67
724 75
724 80
724 91
724 98
724 106
724 112
724 122
724 127
724 133
724 137
724 145
724 152
724 158
724 163
724 168
723 173
723 178
723 183
723 187
723 189
723 190
723 192
723 200
723 204
723 208
723 212
723 216
723 220
723 224
723 228
723 232
723 236
723 240
723 244
723 248
723 252
723 256
722 260
722 264
722 268
722 272
722 276
722 280
722 284
722 288
722 292
721 296
721 300
721 304
721 308
721 312
721 316
721 320
720 324
720 328
720 332
720 336
720 340
720 344
720 348
720 352
720 356
720 360
720 364
720 365
720 365
720 345
720 333
720 328
720 316
720 306
720 299
720 289
720 278
720 268
720 258
720 250
720 241
720 233
721 225
721 223
721 218
721 209
721 197
721 191
721 182
721 177
721 160
721 152
