723 146
723 146
723 153
723 160
723 168
723 174
723 181
723 191
723 195
723 198
723 200
723 205
723 209
722 217
722 221
722 229
722 233
722 240
722 244
722 251
721 255
721 261
721 265
720 271
720 274
720 280
720 283
720 289
720 292
719 299
719 304
719 308
719 314
719 317
719 321
719 323
719 326
719 328
719 332
719 334
719 338
719 339
719 342
719 343
719 346
719 347
718 349
718 350
718 353
719 354
718 357
718 359
718 360
718 360
718 360
718 360
718 360
718 360
718 360
718 359
719 354
719 349
719 338
719 336
720 332
720 328
720 325
720 323
720 321
720 317
720 314
720 312
721 305
721 301
721 296
721 294
721 288
721 282
721 280
721 275
721 271
721 265
721 263
721 262
721 256
722 252
722 249
722 246
722 236
722 231
722 222
722 217
722 210
723 194
723 190
723 179
723 174
723 168
723 162
723 134
