721 167
721 172
721 181
721 184
721 187
721 190
721 194
721 195
722 199
722 202
722 209
723 214
722 221
722 225
722 232
722 236
722 242
722 245
722 249
722 252
722 259
722 263
721 271
721 276
721 283
721 286
720 291
720 295
720 302
720 309
720 314
719 321
719 324
719 329
719 331
718 336
718 339
718 343
718 347
717 350
717 353
717 355
717 355
717 355
717 355
717 355
717 355
717 355
717 357
717 357
717 357
717 357
717 355
717 353
717 350
717 346
717 342
717 340
717 340
717 328
718 326
718 324
718 320
719 315
719 312
719 303
719 295
719 282
720 276
721 266
721 260
721 249
721 245
721 230
721 225
721 220
721 207
721 199
721 186
721 168
721 161
721 139
721 122
721 109
722 87
722 77
722 65
722 58
722 44
723 36
723 35
723 35
723 35
723 35
723 35
723 35
723 35
723 35
723 35
723 35
