617 311
617 311
617 315
617 316
617 318
617 329
617 335
617 345
617 350
617 358
617 363
617 373
617 378
616 386
616 390
616 395
616 397
616 402
616 408
616 411
616 414
616 418
616 426
616 431
616 438
616 442
615 448
615 451
615 457
615 461
615 468
615 472
615 477
615 479
615 485
615 491
615 496
615 497
615 502
615 505
615 508
615 510
615 516
615 519
615 521
615 525
615 529
615 532
615 534
614 537
614 537
614 537
614 537
614 537
614 537
614 537
615 537
615 528
615 522
615 513
615 508
615 497
615 491
615 484
615 481
615 476
615 474
615 469
615 464
615 455
615 451
615 444
616 439
616 429
616 423
616 413
616 408
616 401
616 398
616 396
616 390
616 382
616 377
616 368
616 362
616 356
616 347
616 343
617 337
617 334
617 328
617 323
617 317
617 317
617 314
617 310
617 300
617 294
617 290
617 290
