619 201
619 203
619 203
619 203
619 203
619 204
619 213
619 218
618 224
618 228
618 238
618 243
618 251
618 256
618 262
618 263
618 273
618 282
618 283
618 283
618 283
618 287
618 290
618 290
618 290
618 293
617 299
617 303
617 310
617 313
617 318
617 320
617 323
617 325
617 327
617 328
617 329
617 331
617 332
617 334
617 334
617 335
617 336
617 338
617 339
617 340
617 340
617 340
617 341
617 342
617 342
617 343
617 343
617 343
617 344
617 344
617 344
617 344
617 344
617 340
617 334
618 325
618 321
618 311
618 307
618 298
618 294
618 287
618 281
618 277
618 267
618 265
618 261
618 257
618 247
618 241
618 242
618 228
618 223
618 217
618 209
618 206
618 197
618 191
618 180
618 177
618 173
618 162
618 158
618 158
618 160
618 159
618 159
618 159
618 159
618 159
618 159
618 159
618 159
618 159
