617 280
617 280
617 280
617 283
617 285
617 293
617 300
617 316
617 334
617 343
617 352
617 357
616 367
616 370
616 375
616 382
616 385
616 387
616 403
617 407
616 412
616 417
616 422
616 429
616 433
616 439
616 443
616 448
615 453
615 460
615 464
615 470
615 477
615 481
615 484
615 491
615 495
615 502
615 504
615 506
614 510
614 511
615 514
614 517
614 520
614 528
615 530
615 533
615 535
614 541
614 542
614 542
614 542
614 541
614 535
614 525
614 519
614 512
614 504
614 499
614 493
614 491
614 485
614 482
614 479
614 475
615 468
615 462
615 451
615 445
615 438
615 433
615 427
616 423
616 420
616 412
616 403
616 400
616 390
616 385
616 384
616 384
616 379
616 379
616 375
616 371
616 367
616 365
617 359
617 356
617 347
617 341
617 334
617 330
617 322
617 316
617 307
617 299
617 293
617 288
